1.000000e+00 -1.122869e-18 -8.807215e-17 5.754369e-11 -5.982281e-18 1.000000e+00 1.144282e-18 -1.933231e-11 2.735864e-17 1.419732e-18 1.000000e+00 -2.891865e-10
9.999972e-01 -6.991581e-04 2.270602e-03 -7.962199e-03 7.016426e-04 9.999992e-01 -1.093565e-03 -3.417185e-03 -2.269835e-03 1.095155e-03 9.999968e-01 1.441061e+00
9.999898e-01 -1.447532e-04 4.525090e-03 -1.482600e-02 1.570307e-04 9.999963e-01 -2.712969e-03 -8.857448e-03 -4.524681e-03 2.713651e-03 9.999861e-01 2.746099e+00
9.999750e-01 2.150194e-04 7.065799e-03 -1.657365e-02 -1.851799e-04 9.999911e-01 -4.223470e-03 -1.666229e-02 -7.066645e-03 4.222055e-03 9.999661e-01 4.045953e+00
9.999489e-01 1.476147e-03 9.998944e-03 -1.715198e-02 -1.447464e-03 9.999948e-01 -2.875237e-03 -2.347658e-02 -1.000314e-02 2.860617e-03 9.999459e-01 5.473402e+00
9.999150e-01 1.642069e-03 1.293045e-02 -1.199416e-02 -1.629164e-03 9.999982e-01 -1.008484e-03 -2.839461e-02 -1.293208e-02 9.873326e-04 9.999159e-01 6.765938e+00
9.998695e-01 2.490670e-03 1.596062e-02 -3.004753e-03 -2.473949e-03 9.999964e-01 -1.067287e-03 -3.269761e-02 -1.596322e-02 1.027662e-03 9.998721e-01 8.050238e+00
9.998168e-01 3.451890e-03 1.882543e-02 1.016332e-02 -3.404733e-03 9.999910e-01 -2.536505e-03 -3.755962e-02 -1.883402e-02 2.471944e-03 9.998196e-01 9.326573e+00
9.997428e-01 5.138885e-03 2.209118e-02 3.047985e-02 -5.056587e-03 9.999801e-01 -3.779660e-03 -4.390962e-02 -2.211016e-02 3.666981e-03 9.997488e-01 1.072216e+01
9.996471e-01 6.889932e-03 2.565706e-02 5.062488e-02 -6.834393e-03 9.999741e-01 -2.251768e-03 -4.985621e-02 -2.567191e-02 2.075622e-03 9.996683e-01 1.198557e+01
9.995140e-01 7.771117e-03 3.018793e-02 8.061913e-02 -7.812894e-03 9.999687e-01 1.266132e-03 -5.581794e-02 -3.017715e-02 -1.501372e-03 9.995434e-01 1.336685e+01
9.993837e-01 7.705008e-03 3.424698e-02 1.137200e-01 -7.812097e-03 9.999650e-01 2.994220e-03 -5.980265e-02 -3.422272e-02 -3.259915e-03 9.994089e-01 1.461188e+01
9.992526e-01 7.226384e-03 3.797317e-02 1.518249e-01 -7.302419e-03 9.999716e-01 1.863987e-03 -6.294746e-02 -3.795862e-02 -2.139890e-03 9.992770e-01 1.584441e+01
9.991009e-01 6.321088e-03 4.192189e-02 1.946794e-01 -6.328416e-03 9.999800e-01 4.204987e-05 -6.559868e-02 -4.192079e-02 -3.073113e-04 9.991209e-01 1.706611e+01
9.989130e-01 6.365792e-03 4.617640e-02 2.458990e-01 -6.358169e-03 9.999797e-01 -3.119818e-04 -6.945227e-02 -4.617746e-02 1.804524e-05 9.989333e-01 1.839873e+01
9.987337e-01 7.382306e-03 4.976382e-02 2.950235e-01 -7.368588e-03 9.999727e-01 -4.591340e-04 -7.274420e-02 -4.976585e-02 9.186343e-05 9.987609e-01 1.960144e+01
9.985422e-01 7.495474e-03 5.345281e-02 3.540261e-01 -7.430048e-03 9.999714e-01 -1.422629e-03 -7.664915e-02 -5.346194e-02 1.023398e-03 9.985694e-01 2.091679e+01
9.983666e-01 8.674190e-03 5.646947e-02 4.104071e-01 -8.537849e-03 9.999600e-01 -2.655260e-03 -8.082328e-02 -5.649025e-02 2.168794e-03 9.984008e-01 2.210729e+01
9.981995e-01 9.329370e-03 5.925104e-02 4.696254e-01 -9.187033e-03 9.999542e-01 -2.674250e-03 -8.451955e-02 -5.927328e-02 2.125093e-03 9.982395e-01 2.329480e+01
9.980187e-01 1.103798e-02 6.194242e-02 5.307576e-01 -1.096023e-02 9.999387e-01 -1.594927e-03 -8.728314e-02 -6.195623e-02 9.128638e-04 9.980785e-01 2.447974e+01
9.978400e-01 1.120501e-02 6.472897e-02 6.023430e-01 -1.118225e-02 9.999372e-01 -7.139607e-04 -9.011303e-02 -6.473291e-02 -1.139736e-05 9.979026e-01 2.577821e+01
9.976672e-01 1.219765e-02 6.716702e-02 6.692806e-01 -1.217855e-02 9.999256e-01 -6.938081e-04 -9.176121e-02 -6.717049e-02 -1.258076e-04 9.977415e-01 2.695438e+01
9.974849e-01 1.230625e-02 6.980329e-02 7.415899e-01 -1.226547e-02 9.999243e-01 -1.012811e-03 -9.399911e-02 -6.981047e-02 1.540928e-04 9.975603e-01 2.812554e+01
9.973096e-01 1.300949e-02 7.214120e-02 8.161286e-01 -1.294597e-02 9.999153e-01 -1.347934e-03 -9.739707e-02 -7.215262e-02 4.103692e-04 9.973935e-01 2.929255e+01
9.971077e-01 1.239720e-02 7.498353e-02 9.026271e-01 -1.232972e-02 9.999231e-01 -1.362850e-03 -1.012872e-01 -7.499466e-02 4.343816e-04 9.971838e-01 3.057303e+01
9.969298e-01 1.160221e-02 7.743629e-02 9.846648e-01 -1.163242e-02 9.999323e-01 -6.092383e-05 -1.034939e-01 -7.743176e-02 -8.400349e-04 9.969973e-01 3.173431e+01
9.967470e-01 1.020309e-02 7.994601e-02 1.070864e+00 -1.038445e-02 9.999444e-01 1.853057e-03 -1.051600e-01 -7.992266e-02 -2.677225e-03 9.967975e-01 3.289299e+01
9.965584e-01 7.802870e-03 8.252522e-02 1.171202e+00 -8.008350e-03 9.999656e-01 2.159172e-03 -1.062570e-01 -8.250553e-02 -2.812632e-03 9.965866e-01 3.416116e+01
9.963772e-01 7.648431e-03 8.469977e-02 1.264744e+00 -7.786870e-03 9.999688e-01 1.304204e-03 -1.083832e-01 -8.468716e-02 -1.959025e-03 9.964057e-01 3.530880e+01
9.961832e-01 6.472097e-03 8.704722e-02 1.359364e+00 -6.585382e-03 9.999778e-01 1.014298e-03 -1.090749e-01 -8.703873e-02 -1.583665e-03 9.962037e-01 3.645429e+01
9.959750e-01 5.891198e-03 8.943739e-02 1.464952e+00 -6.040064e-03 9.999808e-01 1.393904e-03 -1.100368e-01 -8.942747e-02 -1.928501e-03 9.959915e-01 3.771245e+01
9.957813e-01 5.435276e-03 9.159778e-02 1.562207e+00 -5.630304e-03 9.999824e-01 1.870892e-03 -1.101932e-01 -9.158600e-02 -2.378722e-03 9.957943e-01 3.885280e+01
9.955884e-01 4.050077e-03 9.374037e-02 1.663303e+00 -4.222994e-03 9.999897e-01 1.646331e-03 -1.108416e-01 -9.373274e-02 -2.034933e-03 9.955953e-01 3.998848e+01
9.953674e-01 3.454854e-03 9.608199e-02 1.776622e+00 -3.585877e-03 9.999929e-01 1.191008e-03 -1.117234e-01 -9.607720e-02 -1.530028e-03 9.953727e-01 4.123378e+01
9.951399e-01 2.541632e-03 9.843798e-02 1.881537e+00 -2.696119e-03 9.999953e-01 1.436388e-03 -1.130550e-01 -9.843387e-02 -1.694807e-03 9.951422e-01 4.236263e+01
9.949248e-01 2.602273e-03 1.005872e-01 1.988283e+00 -2.785890e-03 9.999947e-01 1.685017e-03 -1.156202e-01 -1.005823e-01 -1.956690e-03 9.949268e-01 4.348783e+01
9.946735e-01 1.686638e-03 1.030622e-01 2.097772e+00 -1.884409e-03 9.999966e-01 1.821606e-03 -1.176446e-01 -1.030588e-01 -2.006114e-03 9.946732e-01 4.460907e+01
9.943967e-01 9.295564e-05 1.057127e-01 2.224061e+00 -2.533597e-04 9.999988e-01 1.503930e-03 -1.201477e-01 -1.057125e-01 -1.522286e-03 9.943956e-01 4.583795e+01
9.941501e-01 -6.646103e-04 1.080050e-01 2.339423e+00 5.266124e-04 9.999990e-01 1.306217e-03 -1.220767e-01 -1.080058e-01 -1.241699e-03 9.941495e-01 4.695155e+01
9.938999e-01 -1.843715e-03 1.102706e-01 2.457015e+00 1.775387e-03 9.999982e-01 7.178210e-04 -1.231904e-01 -1.102717e-01 -5.176694e-04 9.939013e-01 4.806161e+01
9.936237e-01 -2.391877e-03 1.127220e-01 2.589097e+00 2.393147e-03 9.999971e-01 1.240486e-04 -1.237305e-01 -1.127220e-01 1.465024e-04 9.936266e-01 4.927929e+01
9.933474e-01 -2.862908e-03 1.151208e-01 2.711821e+00 2.808523e-03 9.999959e-01 6.346185e-04 -1.263756e-01 -1.151221e-01 -3.070775e-04 9.933513e-01 5.038294e+01
9.930636e-01 -2.547509e-03 1.175507e-01 2.836799e+00 2.462119e-03 9.999966e-01 8.716232e-04 -1.289582e-01 -1.175525e-01 -5.761538e-04 9.930665e-01 5.148305e+01
9.927582e-01 -1.929082e-03 1.201142e-01 2.974647e+00 1.894118e-03 9.999981e-01 4.052529e-04 -1.315878e-01 -1.201148e-01 -1.748079e-04 9.927600e-01 5.268892e+01
9.924874e-01 -2.380821e-03 1.223235e-01 3.104543e+00 2.369821e-03 9.999972e-01 2.354114e-04 -1.325184e-01 -1.223237e-01 5.624168e-05 9.924903e-01 5.378246e+01
9.921897e-01 -2.376077e-03 1.247159e-01 3.235992e+00 2.336780e-03 9.999972e-01 4.613787e-04 -1.349389e-01 -1.247166e-01 -1.663420e-04 9.921924e-01 5.487174e+01
9.918504e-01 -1.191770e-03 1.274026e-01 3.383683e+00 1.111394e-03 9.999991e-01 7.019689e-04 -1.378587e-01 -1.274033e-01 -5.546539e-04 9.918508e-01 5.606481e+01
9.915608e-01 -3.503149e-04 1.296422e-01 3.518987e+00 3.376211e-04 9.999999e-01 1.198919e-04 -1.407906e-01 -1.296422e-01 -7.511046e-05 9.915608e-01 5.714178e+01
9.912614e-01 8.508418e-04 1.319097e-01 3.655680e+00 -7.829104e-04 9.999995e-01 -5.668474e-04 -1.441973e-01 -1.319101e-01 4.586201e-04 9.912616e-01 5.821107e+01
9.909400e-01 3.021898e-03 1.342715e-01 3.805557e+00 -2.759361e-03 9.999939e-01 -2.141327e-03 -1.507840e-01 -1.342772e-01 1.751422e-03 9.909423e-01 5.937508e+01
9.907029e-01 4.229954e-03 1.359778e-01 3.942549e+00 -3.734154e-03 9.999854e-01 -3.901046e-03 -1.570795e-01 -1.359923e-01 3.357015e-03 9.907042e-01 6.042328e+01
9.904980e-01 3.136064e-03 1.374911e-01 4.084621e+00 -2.550103e-03 9.999869e-01 -4.437748e-03 -1.652284e-01 -1.375032e-01 4.044964e-03 9.904931e-01 6.146238e+01
9.903334e-01 5.240487e-03 1.386081e-01 4.237134e+00 -4.588836e-03 9.999769e-01 -5.020557e-03 -1.775579e-01 -1.386312e-01 4.335975e-03 9.903346e-01 6.259647e+01
9.901699e-01 4.633141e-03 1.397933e-01 4.380416e+00 -4.035550e-03 9.999815e-01 -4.557984e-03 -1.872508e-01 -1.398118e-01 3.949034e-03 9.901702e-01 6.361998e+01
9.900439e-01 4.015853e-03 1.407019e-01 4.523867e+00 -3.688567e-03 9.999899e-01 -2.586814e-03 -1.958588e-01 -1.407108e-01 2.042071e-03 9.900486e-01 6.463709e+01
9.898811e-01 4.272823e-03 1.418352e-01 4.665142e+00 -4.171706e-03 9.999908e-01 -1.010266e-03 -2.033432e-01 -1.418382e-01 4.083478e-04 9.898898e-01 6.564588e+01
9.897878e-01 5.052977e-03 1.424587e-01 4.821954e+00 -4.731516e-03 9.999854e-01 -2.595191e-03 -2.103801e-01 -1.424697e-01 1.894642e-03 9.897973e-01 6.674189e+01
9.896904e-01 4.887160e-03 1.431398e-01 4.963459e+00 -4.378918e-03 9.999829e-01 -3.865483e-03 -2.157926e-01 -1.431563e-01 3.198833e-03 9.896949e-01 6.772869e+01
9.896148e-01 4.908860e-03 1.436606e-01 5.118148e+00 -4.438028e-03 9.999837e-01 -3.597660e-03 -2.229849e-01 -1.436759e-01 2.922727e-03 9.896205e-01 6.880393e+01
9.895438e-01 4.608059e-03 1.441594e-01 5.256799e+00 -4.253871e-03 9.999871e-01 -2.765057e-03 -2.297064e-01 -1.441703e-01 2.122909e-03 9.895506e-01 6.977192e+01
9.895122e-01 4.184478e-03 1.443884e-01 5.395361e+00 -3.930217e-03 9.999902e-01 -2.046146e-03 -2.358179e-01 -1.443955e-01 1.457208e-03 9.895190e-01 7.072959e+01
9.894516e-01 4.581155e-03 1.447913e-01 5.530414e+00 -4.337058e-03 9.999886e-01 -2.001462e-03 -2.415879e-01 -1.447988e-01 1.352381e-03 9.894602e-01 7.167694e+01
9.893759e-01 4.577016e-03 1.453077e-01 5.678475e+00 -4.286570e-03 9.999881e-01 -2.311871e-03 -2.472702e-01 -1.453165e-01 1.664437e-03 9.893838e-01 7.270907e+01
9.893761e-01 4.890579e-03 1.452961e-01 5.811771e+00 -4.559813e-03 9.999862e-01 -2.609443e-03 -2.521187e-01 -1.453069e-01 1.919197e-03 9.893848e-01 7.363916e+01
9.893862e-01 4.170739e-03 1.452499e-01 5.944978e+00 -3.794284e-03 9.999887e-01 -2.868710e-03 -2.570765e-01 -1.452602e-01 2.287142e-03 9.893908e-01 7.456158e+01
9.894419e-01 5.174884e-03 1.448378e-01 6.088284e+00 -4.738714e-03 9.999831e-01 -3.356278e-03 -2.615453e-01 -1.448527e-01 2.634496e-03 9.894497e-01 7.556701e+01
9.894651e-01 4.854536e-03 1.446902e-01 6.217651e+00 -4.343856e-03 9.999832e-01 -3.845189e-03 -2.650168e-01 -1.447064e-01 3.176167e-03 9.894695e-01 7.647254e+01
9.895371e-01 5.291818e-03 1.441815e-01 6.345869e+00 -4.653156e-03 9.999778e-01 -4.766430e-03 -2.689734e-01 -1.442035e-01 4.045659e-03 9.895398e-01 7.736954e+01
9.895672e-01 6.324914e-03 1.439330e-01 6.483294e+00 -5.483517e-03 9.999655e-01 -6.241705e-03 -2.761336e-01 -1.439675e-01 5.387327e-03 9.895678e-01 7.834678e+01
9.896028e-01 7.405706e-03 1.436364e-01 6.608841e+00 -6.396987e-03 9.999515e-01 -7.483282e-03 -2.848861e-01 -1.436849e-01 6.486636e-03 9.896022e-01 7.922470e+01
9.896246e-01 8.040239e-03 1.434521e-01 6.731827e+00 -7.035920e-03 9.999471e-01 -7.506999e-03 -2.932947e-01 -1.435049e-01 6.419792e-03 9.896288e-01 8.009677e+01
9.896549e-01 9.547388e-03 1.431507e-01 6.863438e+00 -8.764229e-03 9.999430e-01 -6.100451e-03 -3.045015e-01 -1.432007e-01 4.782735e-03 9.896821e-01 8.104938e+01
9.896832e-01 1.012553e-02 1.429149e-01 6.984509e+00 -9.612973e-03 9.999446e-01 -4.276456e-03 -3.138297e-01 -1.429503e-01 2.858499e-03 9.897257e-01 8.190647e+01
9.896952e-01 1.094993e-02 1.427709e-01 7.103047e+00 -1.070130e-02 9.999396e-01 -2.509169e-03 -3.226747e-01 -1.427898e-01 9.554763e-04 9.897526e-01 8.275694e+01
9.897273e-01 1.243948e-02 1.424259e-01 7.218174e+00 -1.229842e-02 9.999226e-01 -1.870688e-03 -3.308867e-01 -1.424382e-01 9.985659e-05 9.898037e-01 8.359948e+01
9.897064e-01 1.442501e-02 1.423841e-01 7.341477e+00 -1.429836e-02 9.998959e-01 -1.912698e-03 -3.379120e-01 -1.423969e-01 -1.428503e-04 9.898096e-01 8.451752e+01
9.897425e-01 1.547109e-02 1.420225e-01 7.451619e+00 -1.538687e-02 9.998802e-01 -1.691292e-03 -3.430689e-01 -1.420316e-01 -5.113369e-04 9.898620e-01 8.534519e+01
9.897422e-01 1.525278e-02 1.420485e-01 7.563189e+00 -1.538861e-02 9.998816e-01 -1.423549e-04 -3.471138e-01 -1.420339e-01 -2.045035e-03 9.898597e-01 8.616571e+01
9.897656e-01 1.528093e-02 1.418820e-01 7.683529e+00 -1.574480e-02 9.998737e-01 2.147280e-03 -3.504593e-01 -1.418313e-01 -4.359208e-03 9.898812e-01 8.705923e+01
9.898002e-01 1.489038e-02 1.416821e-01 7.792803e+00 -1.552803e-02 9.998737e-01 3.395954e-03 -3.534756e-01 -1.416136e-01 -5.561361e-03 9.899064e-01 8.786048e+01
9.898496e-01 1.509595e-02 1.413148e-01 7.900144e+00 -1.573784e-02 9.998703e-01 3.425686e-03 -3.553998e-01 -1.412448e-01 -5.614904e-03 9.899588e-01 8.865132e+01
9.899136e-01 1.355965e-02 1.410221e-01 8.017997e+00 -1.413293e-02 9.998954e-01 3.064326e-03 -3.554146e-01 -1.409658e-01 -5.026474e-03 9.900017e-01 8.950903e+01
9.899835e-01 1.211733e-02 1.406621e-01 8.124653e+00 -1.261234e-02 9.999170e-01 2.628140e-03 -3.556687e-01 -1.406185e-01 -4.375893e-03 9.900542e-01 9.027792e+01
9.900461e-01 1.243646e-02 1.401928e-01 8.226549e+00 -1.279333e-02 9.999168e-01 1.644569e-03 -3.584597e-01 -1.401606e-01 -3.421731e-03 9.901229e-01 9.103625e+01
9.901026e-01 1.221672e-02 1.398130e-01 8.338149e+00 -1.239813e-02 9.999230e-01 4.265796e-04 -3.620392e-01 -1.397970e-01 -2.155777e-03 9.901778e-01 9.185829e+01
9.902070e-01 1.108835e-02 1.391657e-01 8.436458e+00 -1.118194e-02 9.999375e-01 -1.093659e-04 -3.635108e-01 -1.391582e-01 -1.447848e-03 9.902691e-01 9.259720e+01
9.902690e-01 1.061660e-02 1.387608e-01 8.533541e+00 -1.072494e-02 9.999425e-01 3.304257e-05 -3.659336e-01 -1.387525e-01 -1.520923e-03 9.903259e-01 9.332617e+01
9.903173e-01 1.006920e-02 1.384569e-01 8.637803e+00 -1.031485e-02 9.999462e-01 1.056744e-03 -3.698738e-01 -1.384388e-01 -2.474673e-03 9.903679e-01 9.411742e+01
9.904065e-01 9.362385e-03 1.378667e-01 8.733579e+00 -9.652647e-03 9.999524e-01 1.436920e-03 -3.741644e-01 -1.378466e-01 -2.753913e-03 9.904498e-01 9.482384e+01
9.904451e-01 8.697180e-03 1.376331e-01 8.827764e+00 -8.932127e-03 9.999595e-01 1.089502e-03 -3.783156e-01 -1.376181e-01 -2.308449e-03 9.904827e-01 9.551935e+01
9.904466e-01 9.120038e-03 1.375951e-01 8.926536e+00 -9.299544e-03 9.999565e-01 6.617890e-04 -3.825817e-01 -1.375831e-01 -1.935039e-03 9.904883e-01 9.627276e+01
9.904225e-01 8.850356e-03 1.377857e-01 9.016159e+00 -9.013694e-03 9.999592e-01 5.615229e-04 -3.853900e-01 -1.377751e-01 -1.798103e-03 9.904619e-01 9.694684e+01
9.903520e-01 6.939706e-03 1.384007e-01 9.106700e+00 -7.181403e-03 9.999734e-01 1.247060e-03 -3.885236e-01 -1.383884e-01 -2.228939e-03 9.903755e-01 9.761067e+01
9.902715e-01 6.555351e-03 1.389940e-01 9.204556e+00 -7.005552e-03 9.999717e-01 2.749997e-03 -3.918174e-01 -1.389720e-01 -3.696973e-03 9.902894e-01 9.832906e+01
9.901315e-01 5.548804e-03 1.400313e-01 9.291325e+00 -6.115949e-03 9.999747e-01 3.620114e-03 -3.950883e-01 -1.400077e-01 -4.440813e-03 9.901405e-01 9.897064e+01
9.899966e-01 5.542776e-03 1.409825e-01 9.374354e+00 -6.178868e-03 9.999726e-01 4.074496e-03 -3.976810e-01 -1.409561e-01 -4.904849e-03 9.900037e-01 9.960180e+01
9.898964e-01 5.381909e-03 1.416901e-01 9.458142e+00 -6.089017e-03 9.999711e-01 4.557420e-03 -3.990256e-01 -1.416615e-01 -5.374127e-03 9.899006e-01 1.002211e+02
9.897745e-01 3.801765e-03 1.425906e-01 9.549915e+00 -4.546449e-03 9.999777e-01 4.897086e-03 -3.990804e-01 -1.425688e-01 -5.495291e-03 9.897696e-01 1.008880e+02
9.896304e-01 2.397988e-03 1.436170e-01 9.631916e+00 -3.167239e-03 9.999818e-01 5.127892e-03 -3.986926e-01 -1.436021e-01 -5.529587e-03 9.896201e-01 1.014811e+02
9.895528e-01 1.405558e-03 1.441640e-01 9.711004e+00 -2.258254e-03 9.999809e-01 5.751297e-03 -3.978551e-01 -1.441531e-01 -6.016771e-03 9.895371e-01 1.020612e+02
9.894495e-01 1.054699e-03 1.448746e-01 9.796594e+00 -2.024258e-03 9.999765e-01 6.545147e-03 -3.980203e-01 -1.448643e-01 -6.769355e-03 9.894284e-01 1.026832e+02
9.894222e-01 1.504935e-03 1.450565e-01 9.869926e+00 -2.417428e-03 9.999784e-01 6.114546e-03 -3.977095e-01 -1.450441e-01 -6.400531e-03 9.894045e-01 1.032326e+02
9.894261e-01 1.209183e-03 1.450327e-01 9.943546e+00 -2.049808e-03 9.999820e-01 5.646810e-03 -3.962828e-01 -1.450232e-01 -5.884390e-03 9.894108e-01 1.037666e+02
9.894197e-01 -3.140400e-03 1.450473e-01 1.002810e+01 2.251886e-03 9.999777e-01 6.289468e-03 -3.934497e-01 -1.450638e-01 -5.896293e-03 9.894047e-01 1.043379e+02
9.894196e-01 -8.186060e-03 1.448512e-01 1.010509e+01 7.160395e-03 9.999455e-01 7.600766e-03 -3.906273e-01 -1.449055e-01 -6.483154e-03 9.894243e-01 1.048413e+02
9.894639e-01 -9.030615e-03 1.444978e-01 1.018063e+01 8.078276e-03 9.999416e-01 7.176067e-03 -3.907147e-01 -1.445542e-01 -5.933166e-03 9.894791e-01 1.053766e+02
9.895240e-01 -5.052452e-03 1.442800e-01 1.023930e+01 4.241460e-03 9.999734e-01 5.927996e-03 -3.930881e-01 -1.443062e-01 -5.253936e-03 9.895191e-01 1.058466e+02
9.895690e-01 -4.874094e-04 1.440586e-01 1.029522e+01 -1.566530e-04 9.999900e-01 4.459459e-03 -3.955494e-01 -1.440594e-01 -4.435510e-03 9.895591e-01 1.063025e+02
